30      1       1       2
46      1       1       2
114     1       1       2       Tekerlek
141     1       1       2
182     1       1       2
229     1       1       2
258     1       1       2
285     1       1       2
288     1       1       2
293     1       1       2
294     1       1       2
337     1       1       2
344     1       1       2
345     1       1       2
362     1       1       2
368     1       1       2
411     1       1       2
426     1       1       2
440     1       1       2
454     1       1       2
470     1       1       2
492     1       1       2
526     1       1       2
555     1       1       2
571     1       1       2
575     1       1       2
590     1       1       2
674     1       1       2
693     1       1       2
720     1       1       2
780     1       1       2
995     1       1       2
1023    1       1       2
1054    1       1       2
1057    1       1       2
1058    1       1       2
1089    1       1       2
1112    1       1       2
1127    1       1       2
1147    1       1       2
1179    1       1       2
1201    1       1       2
1223    1       1       2
1329    1       1       2
1337    1       1       2
1353    1       1       2
1455    1       1       2
1499    1       1       2
1555    1       1       2
1561    1       1       2
1610    1       1       2
1664    1       1       2
1685    1       1       2
1743    1       1       2
1769    1       1       2
1830    1       1       2
1858    1       1       2
1900    1       1       2
1905    1       1       2
1937    1       1       2
1939    1       1       2
1987    1       1       2
2028    1       1       2
2033    1       1       2
2064    1       1       2
2071    1       1       2
2095    1       1       2
2105    1       1       2
2123    1       1       2
2206    1       1       2
2243    1       1       2
2297    1       1       2
2328    1       1       2
2386    1       1       2
2395    1       1       2
2494    1       1       2
2524    1       1       2
2538    1       1       2
2636    1       1       2
2647    1       1       2
2656    1       1       2
2675    1       1       2
2689    1       1       2
2703    1       1       2
2766    1       1       2
2772    1       1       2
2790    1       1       2
2819    1       1       2
2841    1       1       2
2855    1       1       2
2884    1       1       2
2885    1       1       2
2951    1       1       2
3026    1       1       2
3045    1       1       2
3084    1       1       2
3090    1       1       2
3106    1       1       2
3122    1       1       2
3215    1       1       2
3226    1       1       2
3302    1       1       2
3401    1       1       2
3440    1       1       2
3458    1       1       2
3466    1       1       2
3518    1       1       2
3530    1       1       2
3569    1       1       2
3575    1       1       2
3614    1       1       2
3660    1       1       2
7       1       2       3
19      1       2       3
21      1       2       3
23      1       2       3
27      1       2       3
31      1       2       3
38      1       2       3
47      1       2       3
49      1       2       3
54      1       2       3
64      1       2       3
65      1       2       3
70      1       2       3
99      1       2       3
100     1       2       3
128     1       2       3
134     1       2       3
143     1       2       3
146     1       2       3
158     1       2       3
161     1       2       3
174     1       2       3
175     1       2       3
181     1       2       3
184     1       2       3
197     1       2       3
204     1       2       3
207     1       2       3
214     1       2       3
232     1       2       3
244     1       2       3
276     1       2       3
298     1       2       3
301     1       2       3
320     1       2       3
325     1       2       3
326     1       2       3
382     1       2       3
386     1       2       3
427     1       2       3
434     1       2       3
443     1       2       3
457     1       2       3
458     1       2       3
462     1       2       3
479     1       2       3
493     1       2       3
506     1       2       3
510     1       2       3
523     1       2       3
553     1       2       3
556     1       2       3
572     1       2       3
591     1       2       3
595     1       2       3
597     1       2       3
602     1       2       3
620     1       2       3
621     1       2       3
622     1       2       3
623     1       2       3
627     1       2       3
632     1       2       3
635     1       2       3
637     1       2       3
639     1       2       3
641     1       2       3
655     1       2       3
668     1       2       3
681     1       2       3
683     1       2       3
688     1       2       3
694     1       2       3
701     1       2       3
715     1       2       3
725     1       2       3
751     1       2       3
759     1       2       3
782     1       2       3
784     1       2       3
803     1       2       3
814     1       2       3
822     1       2       3
825     1       2       3
829     1       2       3
831     1       2       3
841     1       2       3
869     1       2       3
876     1       2       3
878     1       2       3
879     1       2       3
889     1       2       3
894     1       2       3
895     1       2       3
898     1       2       3
916     1       2       3
917     1       2       3
918     1       2       3
919     1       2       3
956     1       2       3
960     1       2       3
962     1       2       3
970     1       2       3
976     1       2       3
981     1       2       3
1024    1       2       3
1025    1       2       3
1041    1       2       3
1048    1       2       3
1052    1       2       3
1066    1       2       3
1067    1       2       3
1068    1       2       3
1070    1       2       3
1073    1       2       3
1079    1       2       3
1083    1       2       3
1109    1       2       3
1119    1       2       3
1122    1       2       3
1136    1       2       3
1143    1       2       3
1165    1       2       3
1167    1       2       3
1190    1       2       3
1198    1       2       3
1199    1       2       3
1204    1       2       3
1234    1       2       3
1237    1       2       3
1255    1       2       3
1268    1       2       3
1278    1       2       3
1283    1       2       3
1286    1       2       3
1288    1       2       3
1298    1       2       3
1299    1       2       3
1311    1       2       3
1314    1       2       3
1319    1       2       3
1332    1       2       3
1338    1       2       3
1342    1       2       3
1345    1       2       3
1361    1       2       3
1364    1       2       3
1420    1       2       3
1426    1       2       3
1458    1       2       3
1462    1       2       3
1476    1       2       3
1500    1       2       3
1502    1       2       3
1503    1       2       3
1517    1       2       3
1528    1       2       3
1538    1       2       3
1548    1       2       3
1565    1       2       3
1605    1       2       3
1620    1       2       3
1624    1       2       3
1633    1       2       3
1641    1       2       3
1644    1       2       3
1666    1       2       3
1676    1       2       3
1701    1       2       3
1713    1       2       3
1720    1       2       3
1722    1       2       3
1729    1       2       3
1732    1       2       3
1740    1       2       3
1749    1       2       3
1764    1       2       3
1775    1       2       3
1777    1       2       3
1784    1       2       3
1785    1       2       3
1795    1       2       3
1796    1       2       3
1799    1       2       3
1821    1       2       3
1822    1       2       3
1841    1       2       3
1849    1       2       3
1864    1       2       3
1870    1       2       3
1881    1       2       3
1887    1       2       3
1893    1       2       3
1894    1       2       3
1912    1       2       3
1924    1       2       3
1925    1       2       3
1928    1       2       3
1932    1       2       3
1936    1       2       3
1949    1       2       3
1954    1       2       3
1975    1       2       3
1982    1       2       3
1983    1       2       3
2007    1       2       3
2009    1       2       3
2013    1       2       3
2017    1       2       3
2062    1       2       3
2074    1       2       3
2082    1       2       3
2085    1       2       3
2089    1       2       3
2092    1       2       3
2099    1       2       3
2102    1       2       3
2106    1       2       3
2114    1       2       3
2118    1       2       3
2145    1       2       3
2161    1       2       3
2163    1       2       3
2178    1       2       3
2213    1       2       3
2234    1       2       3
2235    1       2       3
2245    1       2       3
2247    1       2       3
2272    1       2       3
2276    1       2       3
2282    1       2       3
2284    1       2       3
2286    1       2       3
2289    1       2       3
2298    1       2       3
2310    1       2       3
2313    1       2       3
2322    1       2       3
2345    1       2       3
2371    1       2       3
2374    1       2       3
2396    1       2       3
2408    1       2       3
2417    1       2       3
2425    1       2       3
2430    1       2       3
2436    1       2       3
2443    1       2       3
2444    1       2       3
2450    1       2       3
2462    1       2       3
2493    1       2       3
2496    1       2       3
2502    1       2       3
2529    1       2       3
2530    1       2       3
2540    1       2       3
2549    1       2       3
2588    1       2       3
2593    1       2       3
2606    1       2       3
2609    1       2       3
2620    1       2       3
2623    1       2       3
2644    1       2       3
2649    1       2       3
2663    1       2       3
2669    1       2       3
2671    1       2       3
2692    1       2       3
2693    1       2       3
2696    1       2       3
2697    1       2       3
2714    1       2       3
2718    1       2       3
2724    1       2       3
2726    1       2       3
2736    1       2       3
2738    1       2       3
2749    1       2       3
2800    1       2       3
2808    1       2       3
2816    1       2       3
2828    1       2       3
2865    1       2       3
2886    1       2       3
2893    1       2       3
2894    1       2       3
2896    1       2       3
2897    1       2       3
2911    1       2       3
2915    1       2       3
2918    1       2       3
2934    1       2       3
2949    1       2       3
2953    1       2       3
2974    1       2       3
2978    1       2       3
2984    1       2       3
2985    1       2       3
2991    1       2       3
2998    1       2       3
3030    1       2       3
3048    1       2       3
3049    1       2       3
3052    1       2       3
3059    1       2       3
3061    1       2       3
3110    1       2       3
3127    1       2       3
3133    1       2       3
3136    1       2       3
3138    1       2       3
3149    1       2       3
3151    1       2       3
3153    1       2       3
3155    1       2       3
3166    1       2       3
3173    1       2       3
3182    1       2       3
3185    1       2       3
3188    1       2       3
3195    1       2       3
3213    1       2       3
3216    1       2       3
3221    1       2       3
3222    1       2       3
3230    1       2       3
3259    1       2       3
3266    1       2       3
3270    1       2       3
3274    1       2       3
3278    1       2       3
3299    1       2       3
3301    1       2       3
3305    1       2       3
3306    1       2       3
3319    1       2       3
3321    1       2       3
3325    1       2       3
3329    1       2       3
3330    1       2       3
3345    1       2       3
3346    1       2       3
3351    1       2       3
3396    1       2       3
3444    1       2       3
3445    1       2       3
3465    1       2       3
3468    1       2       3
3479    1       2       3
3486    1       2       3
3488    1       2       3
3501    1       2       3
3526    1       2       3
3534    1       2       3
3555    1       2       3
3567    1       2       3
3578    1       2       3
3593    1       2       3
3601    1       2       3
3604    1       2       3
3628    1       2       3
3629    1       2       3
3652    1       2       3
8       7       8       18
102     7       8       18
170     7       8       18
217     7       8       18
245     7       8       18
264     7       8       18
311     7       8       18
339     7       8       18
399     7       8       18
498     7       8       18
509     7       8       18
549     7       8       18
558     7       8       18
685     7       8       18
689     7       8       18
708     7       8       18
793     7       8       18
807     7       8       18
838     7       8       18
880     7       8       18
900     7       8       18
939     7       8       18
973     7       8       18
1049    7       8       18
1114    7       8       18
1128    7       8       18
1148    7       8       18
1172    7       8       18
1218    7       8       18
1231    7       8       18
1232    7       8       18
1254    7       8       18
1280    7       8       18
1300    7       8       18
1348    7       8       18
1368    7       8       18
1394    7       8       18
1434    7       8       18
1472    7       8       18
1527    7       8       18
1532    7       8       18
1566    7       8       18
1591    7       8       18
1623    7       8       18
1632    7       8       18
1771    7       8       18
1780    7       8       18
1790    7       8       18
1792    7       8       18
1798    7       8       18
1865    7       8       18
1915    7       8       18
1959    7       8       18
1967    7       8       18
1980    7       8       18
2016    7       8       18
2023    7       8       18
2055    7       8       18
2078    7       8       18
2149    7       8       18
2153    7       8       18
2192    7       8       18
2278    7       8       18
2305    7       8       18
2384    7       8       18
2415    7       8       18
2455    7       8       18
2456    7       8       18
2474    7       8       18
2541    7       8       18
2613    7       8       18
2687    7       8       18
2713    7       8       18
2768    7       8       18
2775    7       8       18
2792    7       8       18
2807    7       8       18
2823    7       8       18
2836    7       8       18
2859    7       8       18
3036    7       8       18
3062    7       8       18
3075    7       8       18
3125    7       8       18
3174    7       8       18
3228    7       8       18
3236    7       8       18
3320    7       8       18
3324    7       8       18
3342    7       8       18
3452    7       8       18
3527    7       8       18
3565    7       8       18
3635    7       8       18
3651    7       8       18
88      8       17      11
1751    8       17      11
1930    8       17      11
2972    8       17      11
3284    8       17      11
4       9       11      13
13      9       11      13
18      9       11      13
22      9       11      13
26      9       11      13
39      9       11      13
41      9       11      13
53      9       11      13
58      9       11      13
72      9       11      13
73      9       11      13
84      9       11      13
87      9       11      13
105     9       11      13
122     9       11      13
126     9       11      13
130     9       11      13
133     9       11      13
135     9       11      13
139     9       11      13
144     9       11      13
145     9       11      13
151     9       11      13
163     9       11      13
165     9       11      13
179     9       11      13
188     9       11      13
194     9       11      13
195     9       11      13
200     9       11      13
215     9       11      13
218     9       11      13
222     9       11      13
230     9       11      13
231     9       11      13
239     9       11      13
242     9       11      13
250     9       11      13
254     9       11      13
263     9       11      13
267     9       11      13
279     9       11      13
283     9       11      13
289     9       11      13
304     9       11      13
308     9       11      13
314     9       11      13
328     9       11      13
330     9       11      13
334     9       11      13
335     9       11      13
338     9       11      13
341     9       11      13
342     9       11      13
350     9       11      13
356     9       11      13
364     9       11      13
365     9       11      13
369     9       11      13
372     9       11      13
381     9       11      13
392     9       11      13
401     9       11      13
405     9       11      13
415     9       11      13
430     9       11      13
433     9       11      13
436     9       11      13
437     9       11      13
442     9       11      13
446     9       11      13
451     9       11      13
464     9       11      13
475     9       11      13
477     9       11      13
486     9       11      13
507     9       11      13
508     9       11      13
514     9       11      13
515     9       11      13
519     9       11      13
522     9       11      13
527     9       11      13
529     9       11      13
530     9       11      13
539     9       11      13
543     9       11      13
547     9       11      13
552     9       11      13
585     9       11      13
586     9       11      13
588     9       11      13
589     9       11      13
607     9       11      13
616     9       11      13
638     9       11      13
654     9       11      13
662     9       11      13
664     9       11      13
665     9       11      13
667     9       11      13
670     9       11      13
671     9       11      13
676     9       11      13
679     9       11      13
690     9       11      13
692     9       11      13
704     9       11      13
706     9       11      13
717     9       11      13
719     9       11      13
727     9       11      13
730     9       11      13
731     9       11      13
732     9       11      13
733     9       11      13
738     9       11      13
739     9       11      13
742     9       11      13
745     9       11      13
747     9       11      13
752     9       11      13
754     9       11      13
757     9       11      13
760     9       11      13
776     9       11      13
788     9       11      13
796     9       11      13
804     9       11      13
805     9       11      13
810     9       11      13
812     9       11      13
813     9       11      13
827     9       11      13
839     9       11      13
866     9       11      13
870     9       11      13
877     9       11      13
881     9       11      13
882     9       11      13
883     9       11      13
891     9       11      13
893     9       11      13
896     9       11      13
912     9       11      13
915     9       11      13
922     9       11      13
937     9       11      13
953     9       11      13
961     9       11      13
972     9       11      13
978     9       11      13
987     9       11      13
996     9       11      13
999     9       11      13
1010    9       11      13
1030    9       11      13
1031    9       11      13
1046    9       11      13
1047    9       11      13
1056    9       11      13
1064    9       11      13
1065    9       11      13
1077    9       11      13
1085    9       11      13
1096    9       11      13
1098    9       11      13
1106    9       11      13
1129    9       11      13
1135    9       11      13
1138    9       11      13
1157    9       11      13
1159    9       11      13
1162    9       11      13
1176    9       11      13
1181    9       11      13
1187    9       11      13
1189    9       11      13
1200    9       11      13
1202    9       11      13
1205    9       11      13
1213    9       11      13
1221    9       11      13
1226    9       11      13
1227    9       11      13
1228    9       11      13
1229    9       11      13
1241    9       11      13
1249    9       11      13
1265    9       11      13
1274    9       11      13
1276    9       11      13
1282    9       11      13
1287    9       11      13
1289    9       11      13
1294    9       11      13
1324    9       11      13
1335    9       11      13
1336    9       11      13
1349    9       11      13
1352    9       11      13
1354    9       11      13
1363    9       11      13
1367    9       11      13
1377    9       11      13
1379    9       11      13
1383    9       11      13
1401    9       11      13
1402    9       11      13
1405    9       11      13
1406    9       11      13
1415    9       11      13
1418    9       11      13
1422    9       11      13
1433    9       11      13
1436    9       11      13
1467    9       11      13
1469    9       11      13
1471    9       11      13
1475    9       11      13
1477    9       11      13
1491    9       11      13
1496    9       11      13
1504    9       11      13
1506    9       11      13
1509    9       11      13
1512    9       11      13
1525    9       11      13
1526    9       11      13
1530    9       11      13
1542    9       11      13
1547    9       11      13
1562    9       11      13
1563    9       11      13
1567    9       11      13
1571    9       11      13
1573    9       11      13
1576    9       11      13
1578    9       11      13
1595    9       11      13
1597    9       11      13
1598    9       11      13
1602    9       11      13
1603    9       11      13
1604    9       11      13
1621    9       11      13
1630    9       11      13
1634    9       11      13
1640    9       11      13
1647    9       11      13
1651    9       11      13
1670    9       11      13
1673    9       11      13
1686    9       11      13
1688    9       11      13
1696    9       11      13
1699    9       11      13
1705    9       11      13
1710    9       11      13
1716    9       11      13
1719    9       11      13
1721    9       11      13
1725    9       11      13
1734    9       11      13
1741    9       11      13
1752    9       11      13
1755    9       11      13
1756    9       11      13
1759    9       11      13
1766    9       11      13
1779    9       11      13
1782    9       11      13
1786    9       11      13
1804    9       11      13
1809    9       11      13
1815    9       11      13
1817    9       11      13
1820    9       11      13
1823    9       11      13
1825    9       11      13
1834    9       11      13
1836    9       11      13
1840    9       11      13
1855    9       11      13
1879    9       11      13
1880    9       11      13
1884    9       11      13
1888    9       11      13
1890    9       11      13
1891    9       11      13
1892    9       11      13
1895    9       11      13
1897    9       11      13
1899    9       11      13
1902    9       11      13
1907    9       11      13
1917    9       11      13
1929    9       11      13
1933    9       11      13
1934    9       11      13
1940    9       11      13
1952    9       11      13
1958    9       11      13
1962    9       11      13
1963    9       11      13
1996    9       11      13
2000    9       11      13
2001    9       11      13
2010    9       11      13
2015    9       11      13
2018    9       11      13
2019    9       11      13
2025    9       11      13
2029    9       11      13
2041    9       11      13
2047    9       11      13
2053    9       11      13
2056    9       11      13
2067    9       11      13
2080    9       11      13
2088    9       11      13
2111    9       11      13
2133    9       11      13
2135    9       11      13
2142    9       11      13
2148    9       11      13
2154    9       11      13
2155    9       11      13
2157    9       11      13
2158    9       11      13
2167    9       11      13
2169    9       11      13
2172    9       11      13
2181    9       11      13
2186    9       11      13
2188    9       11      13
2196    9       11      13
2198    9       11      13
2216    9       11      13
2217    9       11      13
2221    9       11      13
2226    9       11      13
2229    9       11      13
2260    9       11      13
2266    9       11      13
2267    9       11      13
2273    9       11      13
2303    9       11      13
2308    9       11      13
2312    9       11      13
2314    9       11      13
2319    9       11      13
2334    9       11      13
2338    9       11      13
2340    9       11      13
2347    9       11      13
2354    9       11      13
2376    9       11      13
2385    9       11      13
2403    9       11      13
2412    9       11      13
2414    9       11      13
2432    9       11      13
2437    9       11      13
2440    9       11      13
2441    9       11      13
2448    9       11      13
2457    9       11      13
2459    9       11      13
2463    9       11      13
2488    9       11      13
2489    9       11      13
2491    9       11      13
2497    9       11      13
2499    9       11      13
2501    9       11      13
2503    9       11      13
2506    9       11      13
2515    9       11      13
2520    9       11      13
2534    9       11      13
2535    9       11      13
2548    9       11      13
2556    9       11      13
2566    9       11      13
2581    9       11      13
2582    9       11      13
2594    9       11      13
2607    9       11      13
2614    9       11      13
2618    9       11      13
2622    9       11      13
2626    9       11      13
2629    9       11      13
2631    9       11      13
2635    9       11      13
2641    9       11      13
2643    9       11      13
2645    9       11      13
2655    9       11      13
2657    9       11      13
2658    9       11      13
2665    9       11      13
2666    9       11      13
2679    9       11      13
2684    9       11      13
2695    9       11      13
2711    9       11      13
2712    9       11      13
2729    9       11      13
2740    9       11      13
2747    9       11      13
2753    9       11      13
2755    9       11      13
2756    9       11      13
2760    9       11      13
2781    9       11      13
2786    9       11      13
2797    9       11      13
2799    9       11      13
2803    9       11      13
2812    9       11      13
2817    9       11      13
2822    9       11      13
2833    9       11      13
2837    9       11      13
2839    9       11      13
2844    9       11      13
2846    9       11      13
2867    9       11      13
2875    9       11      13
2879    9       11      13
2899    9       11      13
2901    9       11      13
2919    9       11      13
2920    9       11      13
2922    9       11      13
2926    9       11      13
2930    9       11      13
2938    9       11      13
2940    9       11      13
2942    9       11      13
2950    9       11      13
2954    9       11      13
2958    9       11      13
2969    9       11      13
2996    9       11      13
3000    9       11      13
3013    9       11      13
3027    9       11      13
3031    9       11      13
3039    9       11      13
3041    9       11      13
3044    9       11      13
3047    9       11      13
3054    9       11      13
3055    9       11      13
3064    9       11      13
3067    9       11      13
3074    9       11      13
3089    9       11      13
3098    9       11      13
3100    9       11      13
3105    9       11      13
3107    9       11      13
3124    9       11      13
3143    9       11      13
3150    9       11      13
3157    9       11      13
3158    9       11      13
3181    9       11      13
3184    9       11      13
3190    9       11      13
3194    9       11      13
3206    9       11      13
3210    9       11      13
3214    9       11      13
3227    9       11      13
3253    9       11      13
3255    9       11      13
3264    9       11      13
3267    9       11      13
3271    9       11      13
3290    9       11      13
3291    9       11      13
3313    9       11      13
3333    9       11      13
3336    9       11      13
3350    9       11      13
3353    9       11      13
3358    9       11      13
3361    9       11      13
3367    9       11      13
3372    9       11      13
3379    9       11      13
3388    9       11      13
3404    9       11      13
3422    9       11      13
3423    9       11      13
3424    9       11      13
3427    9       11      13
3437    9       11      13
3446    9       11      13
3447    9       11      13
3453    9       11      13
3456    9       11      13
3467    9       11      13
3471    9       11      13
3477    9       11      13
3480    9       11      13
3489    9       11      13
3490    9       11      13
3502    9       11      13
3511    9       11      13
3512    9       11      13
3515    9       11      13
3519    9       11      13
3533    9       11      13
3539    9       11      13
3547    9       11      13
3548    9       11      13
3551    9       11      13
3583    9       11      13
3586    9       11      13
3618    9       11      13
3626    9       11      13
3636    9       11      13
3639    9       11      13
3640    9       11      13
3646    9       11      13
3650    9       11      13
3653    9       11      13
